84 337
ncoins
17
104 344
228 322
230 298
42 397
308 40
29 85
58 274
30 109
97 51
50 50
139 51
170 51
86 105
229 270
214 21
133 268
18 207
nbaddy
5
108.5 46 1 3 179 -0.5
9 300 1 0 126 -0.5
292 369 1 9.5 294.5 2
283 227 2 204.5 437.5 -2
232 430 0 0 0 0
nplatform
27
139 452 362 9 0
258 135 57 10 0
109 189 67 10 0
127 135 58 10 1
201 189 66 10 0
193 135 73 10 0
48 93 10 64 0
5 92 10 64 0
121 426 39 38 0
25 120 46 10 0
42 189 65 10 0
271 188 65 10 0
3 311 10 271 0
314 321 10 269 0
88 386 65 9 -18
62 326 65 9 15
205 284 10 97 0
249 231 10 97 86
226 337 52 10 0
249 313 9 59 0
281 396 52 10 0
87 131 23 24 0
155 314 22 253 0
113 257 66 15 -19
121 66 150 10 0
193 34 9 69 0
295 64 46 10 0
ego
282.32116699219 48.549964904785
ncrate
3
190.45010375977 114.55003356934 30 30 -2.8491858756752e-006 0
183.82936096191 432.05014038086 31 30 4.6914479753468e-005 1
27.453683853149 101.55003356934 24 26 1.1460940186225e-005 1
