238 333
ncoins
11
280 98
250 97
268 143
298 129
39 136
43 71
131 68
236 130
41 181
250 138
283 137
nbaddy
6
42 106 0 0 0 0
40 158 0 0 0 0
132 242.5 2 222 330 1
72 254 2 242.5 401.5 -2
324 62 1 210 322 2
211 350 1 55 287 -2
nplatform
10
153 395 303 10 0
120 169 100 10 0
76 49 152 10 0
37 227 57 10 0
214 290 64 11 0
95 308 100 10 -39
223 117 10 100 0
313 118 10 100 0
268 171 100 10 0
4 340 10 100 0
ego
283.39102172852 379.55014038086
ncrate
5
232.94036865234 374.55017089844 30 30 -5850 2
157.712890625 148.5499420166 30 30 -8820 2
84.199485778809 148.55006408691 30 30 -540 0
151.58641052246 374.55014038086 30 30 -719.99993896484 1
219.65435791016 269.05014038086 30 30 720.00006103516 1
