174 290
ncoins
12
176 249
76 242
119 155
157 275
177 219
176 344
110 337
224 341
176 187
47 66
96 117
134 286
nbaddy
4
133 281 0 100 200 2
202 347 1 10 300 -1
179 308 2 150 400 3
180 200 0 -1 -1 -1
nplatform
12
242 284 60 80 0
151 189 10 80 0
92 172 10 80 -10
153 302 122 19 -30
37 265.99987792969 100 10 0
247 185.99998474121 50 10 0
122 186.00001525879 50 10 0
217 213 10 100 0
321 252.00001525879 12 302 0
216 396 200 10 0
1 298 10 300 1.9999998807907
308 383 20 5 -45
ego
236.42106628418 233.5500793457
ncrate
2
246.50256347656 132.1001739502 32 32 7.9992772953119e-005 0
245.56843566895 164.55004882813 32 32 2.9223752790131e-005 0
