262 87
ncoins
10
213 71
162 80
41 139
46 347
284 157
280 333
87 220
87 249
86 279
87 198
nbaddy
3
44 386 2 71 413 -2
305 165 0 0 0 0
259.5 267 1 152.5 313.5 -0.5
nplatform
23
159 55 64 10 0
282 298 66 10 0
281 362 66 10 0
280 188 66 10 0
279 125 66 10 0
137 316 68 10 0
253 158 47 9 -90
230 106 146 9 0
252 333 41 10 -90
40 176 66 10 0
37 108 66 10 0
44 310 66 10 0
45 381 66 10 0
142 167 72 10 0
75 345 58 10 -90
7 247 9 274 0
207 236 100 10 0
72 141 62 10 90
316 252 9 274 0
171 374 100 10 -11
262 233 10 16 0
102 165 10 16 0
85 223 31 10 0
ego
164.55169677734 10.100101470947
ncrate
1
164.31756591797 35.05004119873 29 28 90.000007629395 0
