101 102
ncoins
18
116 140
172 141
236 95
115 93
176 92
117 186
170 185
230 185
27 71
27 106
27 143
307 185
306 145
302 102
274 93
227 55
265 55
295 55
nbaddy
4
177 12 2 8.5 223.5 2
166 230 1 116 222 0.5
59 397 0 0 0 0
263 343 0 0 0 0
nplatform
15
153 164 184 10 0
165 247 333 10 0
166 429 264 9 2
191 371 209 9 -7
136 308 209 9 6
21 356 8 158 0
304 350 10 163 0
194 110 184 10 0
305 221 35 33 0
6 129 10 163 0
47 112 11 129 0
24 52 34 10 0
249 41 101 10 0
176 42 43 10 0
93 48 43 10 0
ego
40.256107330322 231.5500793457
ncrate
2
42.867462158203 273.98022460938 30 30 91.885025024414 2
282.97836303711 413.01089477539 30 30 451.87240600586 2
