18 372
ncoins
24
98 355
259 226
272 178
272 146
273 111
147 49
296 48
251 46
314 110
313 172
313 237
311 308
310 377
235 425
181 426
93 426
89 251
204 238
233 283
77 115
164 115
141 289
276 388
71 286
nbaddy
10
177 275 0 0 0 0
46 337 1 44 144 2
120 372 1 45 145 0.5
253 333.5 2 313 413 -0.5
116 286 1 19.5 300.5 1
254 177 1 49.5 282.5 -2
199 48 0 0 0 0
145 6 0 0 0 0
149 217 1 10.5 283.5 -0.5
184 22 2 3 177 -1
nplatform
18
158 413 267 9 0
129 305 204 10 0
162 332 10 56 0
249 355 64 15 -41
299 245 9 337 0
174 196 246 10 0
182 64 246 10 0
119 105 10 71 0
77 164 10 71 0
162 166 10 71 0
207 106 10 78 0
250 162 10 78 0
202 261 24 23 0
260 252 24 23 0
153 246 24 23 0
81 269 63 10 0
92 234 63 10 0
7 245 9 337 0
ego
177.99867248535 385.55010986328
ncrate
2
33.736484527588 284.55004882813 30 30 -5.279780816636e-005 1
80.08960723877 43.550018310547 30 30 7.0979199335852e-006 1
