214 359
ncoins
27
210 142
166 168
183 221
224 190
237 292
283 258
298 321
258 344
175 257
188 315
34 218
130 286
149 345
55 273
18 306
183 420
256 420
19 148
64 121
45 65
223 421
150 34
187 34
164 111
305 112
238 111
20 388
nbaddy
3
307 132 2 121 223 2
192.5 238 1 23 329 -1
51 177 1 -2 98 0.5
nplatform
10
243 406 201 9 0
193.5 180.5 65 40 -70
245.5 97 223 10 0
99 186 77 10 0
26 263 65 40 -70
269 302 65 40 -70
162 297 65 40 -70
97 46 203 8 0
34 110 65 40 -70
15 405 58 19 0
ego
217.01803588867 360.60040283203
ncrate
2
198.99642944336 76.476280212402 30 30 180.03102111816 2
216.89334106445 386.05017089844 30 30 90.000038146973 2
