100 200
ncoins
48
289 244
165 369
27 315
120 375
197 371
77 313
54 314
144 306
135 287
143 265
112 291
228 144
284 143
113 263
91 268
87 289
228 280
202 276
174 276
258 143
128 321
212 339
180 344
149 342
77 221
107 223
123 340
46 227
23 236
59 277
30 261
54 247
41 295
75 198
45 202
19 212
44 81
55 50
70 79
253 201
97 61
299 46
50 63
304 391
302 369
306 416
28 49
70 70
nbaddy
26
481 227 0 0 0 0
175 253 0 0 0 0
187 175 0 0 0 0
175 349 2 150 356 -2
123 343 1 120 222 -2
172 170 0 0 0 0
194 216 0 0 0 0
168 188 0 0 0 0
173 211 0 0 0 0
32 251 0 0 0 0
37 273 0 0 0 0
31 312 0 0 0 0
161 161 0 0 0 0
32 290 0 0 0 0
32 248 2 196 300 2
367 336 0 0 0 0
395 350 0 0 0 0
347 392 0 0 0 0
177 258 2 181 283 2
177 162 2 149 251 -2
174 212 2 135 237 2
197 342 1 116 218 -2
183 340 1 118 220 2
152 343 1 123 225 2
291 346 0 0 0 0
287 213 1 213 323 1
nplatform
7
25 106 100 20 0
102 122 106 19 0
152 394 109 25 0
57 338 100 20 0
110 242 100 20 0
208 299 100 20 0
258 167 100 20 0
ego
17.588874816895 85.550033569336
ncrate
4
89.279357910156 282.10043334961 30 30 0.00016034055443015 0
81.401672363281 216.55006408691 30 30 3.1640825909562e-005 0
89.37370300293 312.55014038086 30 30 4.5425415009959e-005 0
105.62114715576 97.050033569336 30 30 -89.999984741211 0
