224 315
ncoins
13
86 274
296 68
238 236
290 311
98 66
145 65
193 213
193 282
296 143
193 136
144 24
67 381
107 414
nbaddy
2
60 188 1 55.5 320.5 2
219 305 1 42 288 -1
nplatform
19
51 361 100 10 0
166 89 203 10 0
123 266 56 10 0
171 289 10 299 0
235 239 56 10 0
238 403 100 10 0
104.99999237061 47 234 10 0
291 253.99998474121 52 10 0
187 154 23 10 0
187 399 10 100 0
311 248 10 22 0
289.5 376 39 10 0
187.5 298 23 10 0
186.5 230 23 10 0
64.5 394 23 10 0
87 431 100 10 0
150 392 29 10 0
296 158 29 10 0
61 171 9 173 0
ego
34.6438331604 315.10025024414
ncrate
4
289.53329467773 233.54986572266 30 30 -449.99951171875 2
235.2103729248 382.55010986328 30 30 180.00004577637 2
38.241477966309 340.55004882813 30 30 1169.9998779297 2
178.38513183594 68.55004119873 30 30 1.0918209227384e-005 2
