68 216.77520751953
ncoins
8
45 274
51 153
283 212
258 91
297 91
113 409
73 410
228 411
nbaddy
5
212 75 1 15 285 2
128 263 2 114 344 2
165 154 2 84.5 223.5 2
213 191 2 182 282 -0.5
249 368 1 15.5 330.5 4
nplatform
13
251 26 162 10 0
56 293 40 10 0
286 354 20 109 45
164.99998474121 293 175 10 0
165 398 245 10 0
166 233 175 10 0
165 172 175 10 0
284 233 40 10 0
53 172 40 10 0
177 117 227 10 0
51 340 50 10 0
22 320 50 10 91
115 303 50 10 0
ego
61.361373901367 324.55014038086
ncrate
2
202.27629089355 96.55004119873 30 30 180.00001525879 2
119.14267730713 96.55004119873 30 30 1.2615734704013e-005 2
