100 100
ncoins
18
189 186
190 86
188 136
112 57
69 62
41 97
25 135
145 323
144 364
144 405
98 96
86 129
79 168
190 287
288 287
294 42
291 379
111 457
nbaddy
5
210 162 1 140 242 -1
74.5 199 1 25.5 276.5 -0.5
146 315 2 309 413 2
240.5 314 1 183 285 -1
109 436 0 0 0 0
nplatform
13
263 117 100 20 0
173 261 100 20 0
218 188 9 125 0
162 131 8 151 0
71 314 100 20 0
202 247 29 7 -38
172 317 7 92 0
172 429 7 51 0
225 413 100 20 0
141 60 35 10 0
289 406 27 34 0
26 168 49 15 0
288 196 16 111 0
ego
70.673278808594 293.55010986328
ncrate
2
286.66519165039 91.55004119873 30 30 7.8423963714158e-006 0
212.26762390137 387.55014038086 30 30 3.2101885153679e-005 0
