126 -30
ncoins
24
263 81
264 145
265 206
265 272
263 337
88 411
126 357
45 351
64 67
50 118
164 81
123 49
204 52
122 81
203 85
122 115
202 116
140 35
165 21
187 35
143 83
185 81
120 143
205 144
nbaddy
7
169 250 1 105 209 2
194 189 2 -0.5 314.5 -0.5
53 406 0 0 0 0
137 418 0 0 0 0
85 315 0 0 0 0
266 40 0 0 0 0
70 199 0 0 0 0
nplatform
9
253 418 100 10 0
28 76 50 17 0
302 236 10 407 0
14 290 10 407 0
160 319 10 407 0
229 112 10 407 0
94 99 10 407 0
88 461 100 10 0
269 176 69 10 0
ego
230.06256103516 402.55014038086
ncrate
3
266.93212890625 204.06440734863 31 30 -179.69955444336 1
271.73150634766 397.54895019531 30 30 0.0038207951001823 1
32.237983703613 52.050018310547 30 30 4.4175876610097e-006 0
