259 288
ncoins
19
176 217
211 172
261 119
137 265
277 310
261 169
217 212
153 328
178 262
130 312
51 167
72 168
162 16
203 16
144 49
192 51
234 50
273 53
310 52
nbaddy
4
185 76 2 52 324 -2
276 330 0 0 0 0
68 200 0 0 0 0
46 200 0 0 0 0
nplatform
11
159 424 323 11 0
196 216 10 297 41
197 34 242 10 0
276 249 65 11 0
238 280 10 73 0
312 280 10 73 0
33 154 10 73 0
90 153 10 73 0
109 157 33 10 0
51 110 95 10 0
39 359 77 10 36
ego
245.12475585938 233.04138183594
ncrate
5
188.28886413574 397.49606323242 37 41 -0.16734577715397 0
187.50267028809 361.54833984375 30 30 -90.167335510254 0
279.68420410156 227.98620605469 30 30 0.061437591910362 2
111.00305938721 13.550004005432 30 30 8.0763896903591e-007 0
49.161613464355 72.535209655762 30 30 0.015951910987496 2
