221 329
ncoins
12
87 282
15 131
130 91
24 214
274 59
231 41
306 96
184 28
310 143
28 392
68 391
107 390
nbaddy
16
153 135 0 0 0 0
253 253 0 0 0 0
239 233 0 0 0 0
182 152 0 0 0 0
223 200 0 0 0 0
204 176 0 0 0 0
113 115 0 0 0 0
302 46 1 40.5 323.5 2
310 390 2 302 414 2
185 165 0 0 0 0
130 131 0 0 0 0
297 201 2 55.5 210.5 2
171 146 0 0 0 0
228 281 1 8.5 303.5 -2
137 306 2 287.5 452.5 -2
103 221 1 71 175 2
nplatform
12
54 102 68 10 0
139 154 100 20 26
210 233 100 20 57.999996185303
32 363 100 20 0
62 419 100 20 0
100 309 100 20 0
46 249 100 20 0
106 196 106 11 0
-2 152 100 20 0
271 411 10 14 11
213 415 99 10 0.99999904632568
310 289 10 100 5
ego
33.383975982666 86.550033569336
ncrate
2
58.864570617676 81.511978149414 30 30 449.85858154297 1
139.39727783203 283.49468994141 30 30 359.78820800781 1
