230 343
ncoins
20
218 118
122 141
188 224
252 255
257 332
274 79
41 46
55 65
74 95
111 93
146 83
18 211
59 212
97 213
22 272
51 274
11 334
17 183
59 183
97 183
nbaddy
4
261 255 1 115 267 -2
300 47 2 46.5 199.5 2
263 89 0 0 0 0
250.5 328 1 107.5 346.5 -0.5
nplatform
12
78 362 65 10 0
219 260 10 85 0
176 319 83 10 -15
161 205 10 100 0
187 147 64 10 -6
274 222 100 10 0
55 198 107 10 0
34 255 55 10 0
239 57 100 10 0
141 66 100 10 -11
308 271 41 30 0
2 314 26 10 0
ego
70.1337890625 346.55010986328
ncrate
3
178.10308837891 127.37252807617 30 30 -1356 2
98.85604095459 341.48376464844 30 30 -1710.25390625 2
267.68966674805 201.55006408691 30 30 -269.99996948242 0
