97 329
ncoins
18
262 205
62 157
49 253
95 280
92 38
266 67
224 63
181 50
172 161
189 257
28 241
68 266
73 282
86 263
81 243
56 289
8 229
7 272
nbaddy
7
52 212 0 0 0 0
51 323 0 0 0 0
48 136 0 0 0 0
265 64 1 171 271 -1
141.5 109 1 63.5 300.5 -0.5
151 231 1 98 304 -2
140 222.5 2 67.5 250.5 -0.5
nplatform
16
195 400 179 18 0
303 211 10 397 0
261 248 42 9 0
5 117 10 162 0
15 411 34 10 0
231 372 34 36 0
266 368 33 84 0
143 267 100 10 29
241 17 100 10 0
219 176 100 10 -17
162 125 100 10 0
115 93 65 10 0
-3 401 42 9 0
98 330 9 51 0
2 331 22 87 0
22 261 31 10 51
ego
191.35191345215 375.5500793457
ncrate
2
109.47816467285 333.53863525391 13 114 720.07348632813 0
91.886077880859 72.464698791504 30 30 89.948577880859 0
