100 100
ncoins
12
229 189
202 293
119 155
229 159
172 276
194 332
107 347
12 284
22 304
129 33
91 156
124 286
nbaddy
4
105 127 0 100 200 2
143 367 1 48 304 1
256 317 1 200 300 3
229 200 2 100 200 -3
nplatform
8
41 139 60 80 0
165 139 60 80 0
274 178 20 80 0
162 301 100 10 -30
105 426 200 10 0
253 251.99998474121 120 10 0
103 225.00001525879 50 10 0
5 418 10 50 0
ego
20.376661300659 88.549957275391
ncrate
2
60.926254272461 74.54988861084 47 47 90.000648498535 0
178.32749938965 72.050025939941 47 47 179.99998474121 0
