215 337
ncoins
27
250 346
215 342
268 386
228 385
203 381
134 167
222 205
183 179
159 166
210 235
189 265
67 278
91 88
17 135
163 277
30 112
137 301
162 324
11 119
24 283
214 126
249 127
284 129
212 83
251 69
291 81
24 51
nbaddy
13
129 193 0 0 0 0
152 201 0 0 0 0
177 209 0 0 0 0
201 215 0 0 0 0
220 241 0 0 0 0
204 268 0 0 0 0
158 304 0 0 0 0
178 285 0 0 0 0
162 333 0 0 0 0
42 53 2 37 297 -2
237.5 146 1 198.5 297.5 -1
32 76 0 0 0 0
303 266 2 191 293 2
nplatform
7
44 219 100 20 0
147 238 100 20 23
235 288 100 20 -45
139 336 100 20 36
230 402 100 20 0
30 309 100 20 21
199 110 227 10 0
ego
129.89549255371 94.549995422363
ncrate
2
53.404949188232 193.55006408691 30 30 2.471399238857e-005 2
209.4334564209 376.55014038086 30 30 3.2196181564359e-005 2
