236 172
ncoins
14
296 343
170 315
128 324
25 327
237 109
202 323
296 302
296 381
269 167
239 166
88 160
264 108
293 108
207 101
nbaddy
8
297 332 2 295.5 392.5 -2
20 267 2 82 308 2
155 302 1 125.5 200.5 -2
165 341 1 126 200 2
295 292 0 0 0 0
198 353 0 0 0 0
293 346 0 0 0 0
298 394 0 0 0 0
nplatform
11
20 350 100 20 0
89 273 97 16 0
231.00001525879 278 61 12 0
88 180 87 17 0
253 125.99999237061 130 9 0
1 191.00001525879 8 248 0
250.00001525879 402 82 16 0
253 199 102 34 0
105 69 95 15 0
114 416 30 71 0
240 267 43 10 0
ego
81.618721008301 51.050003051758
ncrate
2
103.87363433838 255.05015563965 98 19 -2.1883613953833e-005 0
131.86184692383 46.050018310547 30 30 89.999992370605 0
